0: (198, 23), (199, 103) : 80.0062497558784
1: (199, 103), (106, 147) : 102.883429180797
2: (106, 147), (105, 62) : 85.0058821494136
3: (105, 62), (198, 23) : 100.84641788383
4: (106, 147), (80, 235) : 91.7605579756357
5: (106, 147), (181, 168) : 77.884529914483
6: (181, 168), (199, 103) : 67.446274915669
7: (199, 103), (287, 126) : 90.9560333347931
8: (287, 126), (305, 215) : 90.8019823572151
9: (287, 126), (197, 172) : 101.074230147946
10: (197, 172), (181, 168) : 16.4924225024706
11: (181, 168), (175, 190) : 22.8035085019828
12: (197, 172), (209, 285) : 113.63538181394
