0: (198, 23), (199, 31) : 8.06225774829855
1: (199, 31), (199, 40) : 9
2: (199, 40), (199, 49) : 9
3: (199, 49), (199, 58) : 9
4: (199, 58), (199, 67) : 9
5: (199, 67), (199, 76) : 9
6: (199, 76), (199, 85) : 9
7: (199, 85), (199, 94) : 9
8: (199, 94), (199, 103) : 9
9: (199, 103), (192, 109) : 9.21954445729289
10: (192, 109), (183, 113) : 9.8488578017961
11: (183, 113), (174, 117) : 9.8488578017961
12: (174, 117), (165, 121) : 9.8488578017961
13: (165, 121), (156, 125) : 9.8488578017961
14: (156, 125), (147, 129) : 9.8488578017961
15: (147, 129), (138, 133) : 9.8488578017961
16: (138, 133), (129, 137) : 9.8488578017961
17: (129, 137), (120, 141) : 9.8488578017961
18: (120, 141), (111, 145) : 9.8488578017961
19: (111, 145), (106, 147) : 5.3851648071345
20: (106, 147), (105, 143) : 4.12310562561766
21: (105, 143), (105, 134) : 9
22: (105, 134), (105, 125) : 9
23: (105, 125), (105, 116) : 9
24: (105, 116), (105, 107) : 9
25: (105, 107), (105, 98) : 9
26: (105, 98), (105, 89) : 9
27: (105, 89), (105, 80) : 9
28: (105, 80), (105, 71) : 9
29: (105, 71), (105, 62) : 9
30: (105, 62), (113, 57) : 9.4339811320566
31: (113, 57), (122, 54) : 9.48683298050514
32: (122, 54), (131, 50) : 9.8488578017961
33: (131, 50), (140, 46) : 9.8488578017961
34: (140, 46), (149, 43) : 9.48683298050514
35: (149, 43), (158, 39) : 9.8488578017961
36: (158, 39), (167, 36) : 9.48683298050514
37: (167, 36), (176, 32) : 9.8488578017961
38: (176, 32), (185, 29) : 9.48683298050514
39: (185, 29), (194, 25) : 9.8488578017961
40: (194, 25), (197, 24) : 3.16227766016838
41: (105, 147), (102, 156) : 9.48683298050514
42: (102, 156), (100, 165) : 9.21954445729289
43: (100, 165), (97, 174) : 9.48683298050514
44: (97, 174), (95, 183) : 9.21954445729289
45: (95, 183), (92, 192) : 9.48683298050514
46: (92, 192), (90, 201) : 9.21954445729289
47: (90, 201), (87, 210) : 9.48683298050514
48: (87, 210), (85, 219) : 9.21954445729289
49: (85, 219), (82, 228) : 9.48683298050514
50: (82, 228), (80, 235) : 7.28010988928052
51: (106, 149), (115, 151) : 9.21954445729289
52: (115, 151), (124, 153) : 9.21954445729289
53: (124, 153), (133, 156) : 9.48683298050514
54: (133, 156), (142, 158) : 9.21954445729289
55: (142, 158), (151, 160) : 9.21954445729289
56: (151, 160), (160, 162) : 9.21954445729289
57: (160, 162), (169, 165) : 9.48683298050514
58: (169, 165), (178, 167) : 9.21954445729289
59: (178, 167), (181, 168) : 3.16227766016838
60: (181, 168), (183, 162) : 6.32455532033676
61: (183, 162), (186, 153) : 9.48683298050514
62: (186, 153), (188, 144) : 9.21954445729289
63: (188, 144), (191, 135) : 9.48683298050514
64: (191, 135), (194, 126) : 9.48683298050514
65: (194, 126), (196, 117) : 9.21954445729289
66: (196, 117), (199, 108) : 9.48683298050514
67: (199, 108), (206, 108) : 7
68: (206, 108), (215, 110) : 9.21954445729289
69: (215, 110), (224, 112) : 9.21954445729289
70: (224, 112), (233, 114) : 9.21954445729289
71: (233, 114), (242, 116) : 9.21954445729289
72: (242, 116), (251, 118) : 9.21954445729289
73: (251, 118), (260, 120) : 9.21954445729289
74: (260, 120), (269, 122) : 9.21954445729289
75: (269, 122), (278, 124) : 9.21954445729289
76: (278, 124), (287, 126) : 9.21954445729289
77: (287, 126), (290, 134) : 8.54400374531753
78: (290, 134), (292, 143) : 9.21954445729289
79: (292, 143), (293, 152) : 9.05538513813742
80: (293, 152), (295, 161) : 9.21954445729289
81: (295, 161), (297, 170) : 9.21954445729289
82: (297, 170), (298, 179) : 9.05538513813742
83: (298, 179), (300, 188) : 9.21954445729289
84: (300, 188), (302, 197) : 9.21954445729289
85: (302, 197), (303, 206) : 9.05538513813742
86: (303, 206), (305, 215) : 9.21954445729289
87: (287, 128), (278, 132) : 9.8488578017961
88: (278, 132), (269, 137) : 10.295630140987
89: (269, 137), (260, 141) : 9.8488578017961
90: (260, 141), (251, 146) : 10.295630140987
91: (251, 146), (242, 150) : 9.8488578017961
92: (242, 150), (233, 155) : 10.295630140987
93: (233, 155), (224, 159) : 9.8488578017961
94: (224, 159), (215, 164) : 10.295630140987
95: (215, 164), (206, 168) : 9.8488578017961
96: (206, 168), (197, 172) : 9.8488578017961
97: (197, 172), (188, 169) : 9.48683298050514
98: (188, 169), (182, 168) : 6.08276253029822
99: (182, 168), (180, 171) : 3.60555127546399
100: (180, 171), (178, 180) : 9.21954445729289
101: (178, 180), (175, 189) : 9.48683298050514
102: (175, 189), (175, 190) : 1
103: (198, 173), (199, 182) : 9.05538513813742
104: (199, 182), (200, 191) : 9.05538513813742
105: (200, 191), (201, 200) : 9.05538513813742
106: (201, 200), (202, 209) : 9.05538513813742
107: (202, 209), (202, 218) : 9
108: (202, 218), (203, 227) : 9.05538513813742
109: (203, 227), (204, 236) : 9.05538513813742
110: (204, 236), (205, 245) : 9.05538513813742
111: (205, 245), (206, 254) : 9.05538513813742
112: (206, 254), (207, 263) : 9.05538513813742
113: (207, 263), (208, 272) : 9.05538513813742
114: (208, 272), (209, 281) : 9.05538513813742
115: (209, 281), (209, 285) : 4
