0: (198, 23), (199, 103) : 80.0062497558784
1: (199, 103), (106, 147) : 102.883429180797
2: (106, 147), (105, 62) : 85.0058821494136
3: (105, 62), (197, 24) : 99.5389371050344
4: (105, 147), (80, 235) : 91.4822387133153
5: (106, 149), (181, 168) : 77.3692445355388
6: (181, 168), (199, 108) : 62.6418390534633
7: (199, 108), (287, 126) : 89.8220462915425
8: (287, 126), (305, 215) : 90.8019823572151
9: (287, 128), (197, 172) : 100.179838290946
10: (197, 172), (182, 168) : 15.52417469626
11: (182, 168), (175, 190) : 23.0867927612304
12: (198, 173), (209, 285) : 112.538882169675
